{
 "cells": [
  {
   "cell_type": "code",
   "execution_count": 1,
   "id": "b2d7fd24-dfd0-412f-ae00-4277b4011e40",
   "metadata": {},
   "outputs": [
    {
     "name": "stderr",
     "output_type": "stream",
     "text": [
      "24/05/04 12:15:32 WARN Utils: Your hostname, bunmialex-virtual-machine resolves to a loopback address: 127.0.1.1; using 192.168.23.128 instead (on interface ens33)\n",
      "24/05/04 12:15:32 WARN Utils: Set SPARK_LOCAL_IP if you need to bind to another address\n",
      "Using Spark's default log4j profile: org/apache/spark/log4j-defaults.properties\n",
      "Setting default log level to \"WARN\".\n",
      "To adjust logging level use sc.setLogLevel(newLevel). For SparkR, use setLogLevel(newLevel).\n",
      "24/05/04 12:15:34 WARN NativeCodeLoader: Unable to load native-hadoop library for your platform... using builtin-java classes where applicable\n"
     ]
    }
   ],
   "source": [
    "from pyspark.sql.types import * \n",
    "from pyspark.context import SparkContext\n",
    "from pyspark.sql.session import SparkSession\n",
    "sc = SparkContext.getOrCreate();\n",
    "\n",
    "spark = SparkSession(sc)\n",
    "\n",
    "unsw_nb15 = StructType([\n",
    "    StructField(\"srcip\",StringType(),True),\n",
    "    StructField(\"sport\",IntegerType(),True),\n",
    "    StructField(\"dstip\",StringType(),True),\n",
    "    StructField(\"dsport\",IntegerType(),True),\n",
    "    StructField(\"proto\",StringType(),True),\n",
    "    StructField(\"state\",StringType(),True),\n",
    "    StructField(\"dur\",FloatType(),True),\n",
    "    StructField(\"sbytes\",IntegerType(),True),\n",
    "    StructField(\"dbytes\",IntegerType(),True),\n",
    "    StructField(\"sttl\",IntegerType(),True),\n",
    "    StructField(\"dttl\",IntegerType(),True),\n",
    "    StructField(\"sloss\",IntegerType(),True),\n",
    "    StructField(\"dloss\",IntegerType(),True),\n",
    "    StructField(\"service\",StringType(),True),\n",
    "    StructField(\"Sload\",FloatType(),True),\n",
    "    StructField(\"Dload\",FloatType(),True),\n",
    "    StructField(\"Spkts\",IntegerType(),True),\n",
    "    StructField(\"Dpkts\",IntegerType(),True),\n",
    "    StructField(\"swin\",IntegerType(),True),\n",
    "    StructField(\"dwin\",IntegerType(),True),\n",
    "    StructField(\"stcpb\",IntegerType(),True),\n",
    "    StructField(\"dtcpb\",IntegerType(),True),\n",
    "    StructField(\"smeansz\",IntegerType(),True),\n",
    "    StructField(\"dmeansz\",IntegerType(),True),\n",
    "    StructField(\"trans_depth\",IntegerType(),True),\n",
    "    StructField(\"res_bdy_len\",IntegerType(),True),\n",
    "    StructField(\"Sjit\",FloatType(),True),\n",
    "    StructField(\"Djit\",FloatType(),True),\n",
    "    StructField(\"Stime\",TimestampType(),True),\n",
    "    StructField(\"Ltime\",TimestampType(),True),\n",
    "    StructField(\"Sintpkt\",FloatType(),True),\n",
    "    StructField(\"Dintpkt\",FloatType(),True),\n",
    "    StructField(\"tcprtt\",FloatType(),True),\n",
    "    StructField(\"synack\",FloatType(),True),\n",
    "    StructField(\"ackdat\",FloatType(),True),\n",
    "    StructField(\"is_sm_ips_ports\",IntegerType(),True),\n",
    "    StructField(\"ct_state_ttl\",IntegerType(),True),\n",
    "    StructField(\"ct_flw_http_mthd\",IntegerType(),True),\n",
    "    StructField(\"is_ftp_login\",IntegerType(),True),\n",
    "    StructField(\"ct_ftp_cmd\",IntegerType(),True),\n",
    "    StructField(\"ct_srv_src\",IntegerType(),True),\n",
    "    StructField(\"ct_srv_dst\",IntegerType(),True),\n",
    "    StructField(\"ct_dst_ltm\",IntegerType(),True),\n",
    "    StructField(\"ct_src_ltm\",IntegerType(),True),\n",
    "    StructField(\"ct_src_dport_ltm\",IntegerType(),True),\n",
    "    StructField(\"ct_dst_sport_ltm\",IntegerType(),True),\n",
    "    StructField(\"ct_dst_src_ltm\",IntegerType(),True),\n",
    "    StructField(\"attack_cat\",StringType(),True),\n",
    "    StructField(\"Label\",IntegerType(),True)\n",
    "])\n",
    "\n",
    "unsw_nb15_df = spark.read.schema(unsw_nb15).format(\"csv\").load(\"hdfs://localhost:9000/DataAnalysis/UNSW-NB15.csv\").toDF(\"srcip\",\"sport\",\"dstip\",\"dsport\",\"proto\",\"state\",\"dur\",\"sbytes\",\"dbytes\",\"sttl\",\n",
    "     \"dttl\",\"sloss\",\"dloss\",\"service\",\"Sload\",\"Dload\",\"Spkts\",\"Dpkts\",\"swin\",\"dwin\",\n",
    "     \"stcpb\",\"dtcpb\",\"smeansz\",\"dmeansz\",\"trans_depth\",\"res_bdy_len\",\"Sjit\",\"Djit\",\n",
    "     \"Stime\",\"Ltime\",\"Sintpkt\",\"Dintpkt\",\"tcprtt\",\"synack\",\"ackdat\",\"is_sm_ips_ports\",\n",
    "     \"ct_state_ttl\",\"ct_flw_http_mthd\",\"is_ftp_login\",\"ct_ftp_cmd\",\"ct_srv_src\",\n",
    "     \"ct_srv_dst\",\"ct_dst_ltm\",\"ct_src_ltm\",\"ct_src_dport_ltm\",\"ct_dst_sport_ltm\",\n",
    "     \"ct_dst_src_ltm\",\"attack_cat\",\"Label\")\n"
   ]
  },
  {
   "cell_type": "code",
   "execution_count": 34,
   "id": "1a656f17-004e-4bb6-9048-3745907b77f7",
   "metadata": {},
   "outputs": [],
   "source": [
    "sample_unsw_nb15_df = unsw_nb15_df.select(unsw_nb15_df.dur, unsw_nb15_df.sbytes,\n",
    "                                         unsw_nb15_df.dbytes, unsw_nb15_df.sttl,unsw_nb15_df.dttl, unsw_nb15_df.sloss,\n",
    "                                         unsw_nb15_df.dloss,unsw_nb15_df.Sload,unsw_nb15_df.Dload, unsw_nb15_df.Spkts,\n",
    "                                         unsw_nb15_df.Dpkts, unsw_nb15_df.swin,unsw_nb15_df.dwin, unsw_nb15_df.smeansz,\n",
    "                                         unsw_nb15_df.dmeansz, unsw_nb15_df.trans_depth, unsw_nb15_df.res_bdy_len, unsw_nb15_df.Sjit,\n",
    "                                         unsw_nb15_df.Djit, unsw_nb15_df.Sintpkt,unsw_nb15_df.Dintpkt, unsw_nb15_df.tcprtt,\n",
    "                                         unsw_nb15_df.synack, unsw_nb15_df.ackdat,unsw_nb15_df.is_sm_ips_ports, unsw_nb15_df.ct_state_ttl,\n",
    "                                         unsw_nb15_df.ct_flw_http_mthd, unsw_nb15_df.is_ftp_login,unsw_nb15_df.ct_ftp_cmd, unsw_nb15_df.ct_srv_src,\n",
    "                                         unsw_nb15_df.ct_srv_dst, unsw_nb15_df.ct_dst_ltm,unsw_nb15_df.ct_src_ltm, unsw_nb15_df.ct_src_dport_ltm,\n",
    "                                         unsw_nb15_df.ct_dst_sport_ltm, unsw_nb15_df.ct_dst_src_ltm,unsw_nb15_df.Label)"
   ]
  },
  {
   "cell_type": "code",
   "execution_count": 35,
   "id": "525126ee-aa08-4c1a-ba48-efbe6c9bd3e4",
   "metadata": {},
   "outputs": [
    {
     "data": {
      "text/plain": [
       "Row(dur=0.8254600167274475, sbytes=7812, dbytes=16236, sttl=31, dttl=29, sloss=30, dloss=32, Sload=75090.25, Dload=156111.734375, Spkts=122, Dpkts=126, swin=255, dwin=255, smeansz=64, dmeansz=129, trans_depth=0, res_bdy_len=0, Sjit=445.25927734375, Djit=474.9450988769531, Sintpkt=6.819090843200684, Dintpkt=6.59989595413208, tcprtt=0.0005970000056549907, synack=0.0004689999914262444, ackdat=0.00012799999967683107, is_sm_ips_ports=0, ct_state_ttl=0, ct_flw_http_mthd=0, is_ftp_login=0, ct_ftp_cmd=0, ct_srv_src=2, ct_srv_dst=7, ct_dst_ltm=1, ct_src_ltm=4, ct_src_dport_ltm=1, ct_dst_sport_ltm=1, ct_dst_src_ltm=1, Label=0)"
      ]
     },
     "execution_count": 35,
     "metadata": {},
     "output_type": "execute_result"
    }
   ],
   "source": [
    "sample_unsw_nb15_df.head()"
   ]
  },
  {
   "cell_type": "code",
   "execution_count": 36,
   "id": "6c12d9da-6060-447c-9f17-feaa8ba1f1e5",
   "metadata": {},
   "outputs": [],
   "source": [
    "from pyspark.ml.feature import VectorAssembler\n",
    "sample_assembler = VectorAssembler(inputCols=sample_unsw_nb15_df.columns,outputCol='features',handleInvalid=\"keep\")"
   ]
  },
  {
   "cell_type": "code",
   "execution_count": 37,
   "id": "fa796322-364b-4a8c-831e-5c745f641cfc",
   "metadata": {},
   "outputs": [
    {
     "data": {
      "text/plain": [
       "VectorAssembler_da6e785bdd47"
      ]
     },
     "execution_count": 37,
     "metadata": {},
     "output_type": "execute_result"
    }
   ],
   "source": [
    "sample_assembler.setInputCols([\"dur\",\"sbytes\",\"dbytes\",\"sttl\",\"dttl\",\"sloss\",\"dloss\",\"Sload\",\"Dload\",\"Spkts\",\"Dpkts\",\"swin\",\"dwin\",\n",
    "                               \"smeansz\",\"dmeansz\",\"trans_depth\",\"res_bdy_len\",\"Sjit\",\"Djit\",\"Sintpkt\",\"Dintpkt\",\"tcprtt\",\"synack\",\n",
    "                               \"ackdat\",\"is_sm_ips_ports\",\"ct_state_ttl\",\"ct_flw_http_mthd\",\"is_ftp_login\",\"ct_ftp_cmd\",\"ct_srv_src\",\n",
    "                               \"ct_srv_dst\",\"ct_dst_ltm\",\"ct_src_ltm\",\"ct_src_dport_ltm\",\"ct_dst_sport_ltm\",\"ct_dst_src_ltm\",\"Label\"])"
   ]
  },
  {
   "cell_type": "code",
   "execution_count": 38,
   "id": "75f3abd3-7263-4776-b38f-0164e4caa68f",
   "metadata": {},
   "outputs": [],
   "source": [
    "sample_unsw_nb15_df_vector = sample_assembler.transform(sample_unsw_nb15_df).select('features')"
   ]
  },
  {
   "cell_type": "code",
   "execution_count": 39,
   "id": "e68b7a90-66c8-407a-9ff6-4b162a3b3937",
   "metadata": {},
   "outputs": [
    {
     "name": "stderr",
     "output_type": "stream",
     "text": [
      "/home/bunmialex/spark-3.2.0/python/pyspark/sql/context.py:125: FutureWarning: Deprecated in 3.0.0. Use SparkSession.builder.getOrCreate() instead.\n",
      "  warnings.warn(\n"
     ]
    }
   ],
   "source": [
    "from pyspark.ml.stat import Correlation\n",
    "\n",
    "sample_matrix = Correlation.corr(sample_unsw_nb15_df_vector,'features').collect()[0][0]"
   ]
  },
  {
   "cell_type": "code",
   "execution_count": 40,
   "id": "b17e8324-fa0a-4c31-9b3d-f4ef2fca0a12",
   "metadata": {},
   "outputs": [],
   "source": [
    "sample_corrmatrix = sample_matrix.toArray().tolist()"
   ]
  },
  {
   "cell_type": "code",
   "execution_count": 41,
   "id": "3469b009-8803-4ac1-a86d-9ab1e07ee47a",
   "metadata": {},
   "outputs": [
    {
     "name": "stdout",
     "output_type": "stream",
     "text": [
      "[[1.0, 0.03326869002903216, 0.08696993504799619, -0.0036531616128760093, 0.010704417128298466, 0.041492068476968166, 0.0877117994464265, -0.014713260262559088, -0.022505842570107275, 0.08808036448868857, 0.08936696030978784, 0.011120781994992831, 0.010651678723463403, -0.003158296539912018, 0.035819524434424946, 0.016542816862790306, 0.04387209993251412, 0.03318525059508884, 0.04801862241685812, 0.07169186261999241, 0.09715133693208508, 0.011355429270888735, 0.010582376269884933, 0.010426903612456627, 0.006095499447999608, 0.01042065546960963, 0.014119070495954207, 0.007082768298418901, 0.006410316045695342, -0.019280514644950945, -0.01843314306001245, -0.013800664670224312, -0.01587460581897258, -0.013105728350563041, -0.011310006577614792, -0.01608970063312652, 0.0019570531902196628], [0.03326869002903216, 1.0, 0.04702553278486878, -0.008924623384253488, 0.06641966270178197, 0.9534933513144015, 0.05118082290464495, -0.02098714914157348, -0.006790554381648061, 0.6028423850488225, 0.10974678112520042, 0.05977418129235432, 0.05993926082048174, 0.1879471912750618, 0.01601384664526063, 0.000461673334720813, 0.020545113261042927, 0.0013924359652528857, 0.0014940222962892464, -0.004744293981603505, -0.0027113308368694514, 0.027184249163321718, 0.023593837802381317, 0.02684568393777847, -0.00309439231028627, -0.0033327246338626967, -0.002881210398351072, -0.003360662732485574, -0.002880281175332702, -0.03512107514512354, -0.035159450698940206, -0.027998733139296565, -0.027655055249438502, -0.02793249551856793, -0.028037076169090545, -0.031108874462073298, 0.01017722793480493], [0.08696993504799619, 0.04702553278486878, 1.0, -0.0941802940629596, 0.009103728546020429, 0.11553003769892578, 0.9913420907163293, -0.06997697001524807, 0.08379677460908112, 0.727073662266144, 0.9708089992745785, 0.18843448301393584, 0.1889597422926195, -0.09393471201471018, 0.5933525457606448, 0.11548263591673942, 0.5606288281838642, 0.028187467859597536, 0.12716528500257857, -0.014194787903255422, -0.01089043647508093, -0.017078891983522564, -0.015674516437392573, -0.015944118589391307, -0.00919822019528043, -0.07955742432172266, 0.08041483214439962, -0.026483845029002986, -0.022707392907742267, -0.051521905793222446, -0.05201667942457736, -0.06030147959000579, -0.06527558587353219, -0.0662166759524493, -0.07203298223447177, -0.07989076363796528, -0.07555441622993002], [-0.0036531616128760093, -0.008924623384253488, -0.0941802940629596, 1.0, 0.11399364834314261, -0.06943538011968278, -0.11865574529617451, 0.28009412397554767, -0.24682454585470662, -0.1507956031174872, -0.14172854547106517, -0.35227491946372613, -0.35792465103368637, -0.056387255524682565, -0.33301633751674237, -0.062365721810862244, -0.03678496314040696, 0.04350437214532676, -0.0737273133089658, -0.04402525625806471, -0.025794608792846306, 0.21290274276188034, 0.19269801236606016, 0.20167894390243127, -0.03398803587137675, 0.9060746751965445, -0.056658029105237574, -0.04976861070741893, -0.043434279066836765, 0.4555564484186395, 0.4581126056102708, 0.394238231533577, 0.39549643073259433, 0.4566823772796712, 0.47810355067400906, 0.5136676195490494, 0.9044106464509674], [0.010704417128298466, 0.06641966270178197, 0.009103728546020429, 0.11399364834314261, 1.0, 0.07666998948547524, 0.013898806275297694, -0.21916377535055975, -0.022117903556407303, 0.04628444318641102, 0.019923203006457346, 0.30524802253365985, 0.3068748797264883, 0.09876565181013074, 0.04667476665035438, 0.11784942906926751, 0.007926275446876218, 0.16046493559214786, 0.046738915818151885, -0.03390598071364269, 0.00032865502179058677, 0.5680163256411619, 0.5188020478645696, 0.5329908467815925, -0.02920746769475128, 0.040769531730984646, 0.10259391474733108, 0.028128549523772434, 0.01964376996372724, -0.3014761635455524, -0.30899693350272944, -0.2873659395987806, -0.2787991133904774, -0.2748826902283118, -0.28778516150085637, -0.2901981495327772, 0.13492106146722813], [0.041492068476968166, 0.9534933513144015, 0.11553003769892578, -0.06943538011968278, 0.07666998948547524, 1.0, 0.15332145826699575, -0.06891602449608814, 0.04670966163624351, 0.7255107677316049, 0.23735588528736362, 0.19172020592290723, 0.1919753545844682, 0.15745584178960048, 0.09244726071802241, -0.02070140920613824, -0.012350544289708349, 0.0062625738545971366, 0.022510901738750345, -0.01452804739462615, -0.009424241015937584, 0.019758815528232405, 0.017502312697619087, 0.019130214566676452, -0.009325786814678856, -0.058029810832914044, -0.01939931391692482, 0.03225623892211535, 0.02771184127642053, -0.08151926564518669, -0.08302769085867442, -0.07929714537693708, -0.07908623578818717, -0.08549432991377891, -0.08746790692026553, -0.09425996406201347, -0.04328304858266053], [0.0877117994464265, 0.05118082290464495, 0.9913420907163293, -0.11865574529617451, 0.013898806275297694, 0.15332145826699575, 1.0, -0.08883201333472428, 0.10881840557831436, 0.766465958134462, 0.9921626706759258, 0.24121191436932482, 0.24188173142358124, -0.09308119575086564, 0.6039467296035401, 0.10096206804919379, 0.5384728222499716, 0.026562214359978957, 0.12436468688863982, -0.018263102908659606, -0.01380360333043962, -0.019990719821000955, -0.018219499283422598, -0.018800467469176387, -0.011736924159990612, -0.1011756410273851, 0.06905156335168837, -0.003978770162305435, -0.003368412120182485, -0.07303122951121316, -0.07439367880927836, -0.08191575325388996, -0.08634726263430893, -0.09053350183878707, -0.09645030580444154, -0.10616850311069441, -0.09586938316123901], [-0.014713260262559088, -0.02098714914157348, -0.06997697001524807, 0.28009412397554767, -0.21916377535055975, -0.06891602449608814, -0.08883201333472428, 1.0, -0.17458374112428188, -0.1250269042857195, -0.10785542138229642, -0.36031876006075386, -0.36072562309251854, 0.057187891823476784, -0.25243446445734025, -0.073805770810231, -0.02778347443661825, -0.02899848280529744, -0.066095433579912, -0.02013960009657887, -0.017111901633789756, -0.04159253039446341, -0.03933981333664497, -0.0375646493143928, -0.012663448812680556, 0.21682779082064974, -0.061407071779896676, -0.04026843461310079, -0.03453776821460965, 0.4731047847912114, 0.4786932274918469, 0.42839215194181385, 0.4187977840648378, 0.473293997863194, 0.4890812969660303, 0.5130604037926614, 0.19231503846760756], [-0.022505842570107275, -0.006790554381648061, 0.08379677460908112, -0.24682454585470662, -0.022117903556407303, 0.04670966163624351, 0.10881840557831436, -0.17458374112428188, 1.0, 0.1670628569900682, 0.11957280138622098, 0.42181340459067473, 0.4231688605176808, -0.19551190827547088, 0.5691685941012364, -0.11007639776212255, 0.010481096668187952, -0.05074814160943995, -0.10876247316308589, -0.0399163335281697, -0.03125327304013009, -0.06795441420903715, -0.060257572246920625, -0.0657235305922299, -0.02359781443335345, -0.22127322215688366, -0.09348708376545857, -0.06693200194507434, -0.05743707880503281, -0.14815568195934795, -0.17276435664627182, -0.21636012800193805, -0.1940940529867151, -0.23429530094229067, -0.23592383565888278, -0.2547045990462939, -0.2197433719894557], [0.08808036448868857, 0.6028423850488225, 0.727073662266144, -0.1507956031174872, 0.04628444318641102, 0.7255107677316049, 0.766465958134462, -0.1250269042857195, 0.1670628569900682, 1.0, 0.8225776151624575, 0.33644611901228527, 0.33733989317415575, 0.017435858509702425, 0.5218078799379143, 0.03895669322566142, 0.3407983301319032, 0.018079177154354475, 0.08996864575143076, -0.02590143774474134, -0.018414762192390487, -0.013015501751247084, -0.011453205373845856, -0.012683630176156516, -0.017186429228223832, -0.13162888187041905, 0.0206176891494946, 0.0290290062007617, 0.025097041454164522, -0.12107204862847382, -0.12533054865214155, -0.13090836583827245, -0.13206573934901264, -0.14308785634493007, -0.14767782805567684, -0.16206713998228514, -0.12090114509454243], [0.08936696030978784, 0.10974678112520042, 0.9708089992745785, -0.14172854547106517, 0.019923203006457346, 0.23735588528736362, 0.9921626706759258, -0.10785542138229642, 0.11957280138622098, 0.8225776151624575, 1.0, 0.2844478145404081, 0.28526581297157694, -0.07329451606729154, 0.6033814029423883, 0.08914277672957328, 0.49962927109792665, 0.027072856604295436, 0.12728622206512313, -0.021799217203702415, -0.015566116729005097, -0.022489820666345237, -0.020299093931521527, -0.021365304357473375, -0.014304593662525974, -0.12274555702056675, 0.06012774467097739, 0.010059234586529603, 0.00877508285693937, -0.09545572274212043, -0.09719371137480916, -0.1036632870106271, -0.10771264057084576, -0.11470572208504197, -0.12135406689266115, -0.13248756320104815, -0.11596549181304917], [0.011120781994992831, 0.05977418129235432, 0.18843448301393584, -0.35227491946372613, 0.30524802253365985, 0.19172020592290723, 0.24121191436932482, -0.36031876006075386, 0.42181340459067473, 0.33644611901228527, 0.2844478145404081, 1.0, 0.9972069954008568, 0.1502044898210787, 0.5801284816894862, 0.19884990487384338, 0.07465086654009559, 0.07612900619190122, 0.1687149614735717, -0.07023166424448432, -0.04144954645382458, 0.1118045970259717, 0.10579843332278305, 0.1009238287546238, -0.04852068841855781, -0.3275001558169929, 0.1653837940222423, 0.10869039676501074, 0.09322000040290396, -0.4183097729186774, -0.4334496546400999, -0.40540754564070497, -0.39142583361094824, -0.4490082235434533, -0.4730787513081065, -0.4813159263537557, -0.31519376900118223], [0.010651678723463403, 0.05993926082048174, 0.1889597422926195, -0.35792465103368637, 0.3068748797264883, 0.1919753545844682, 0.24188173142358124, -0.36072562309251854, 0.4231688605176808, 0.33733989317415575, 0.28526581297157694, 0.9972069954008568, 1.0, 0.15093043205388773, 0.5820647297752326, 0.19940225872429748, 0.07485825348405037, 0.07618146550242094, 0.16921232928907318, -0.07063336388890189, -0.04127896594941505, 0.11212661949601054, 0.1061430453229351, 0.10117131035874408, -0.048523684872908715, -0.3467042195343302, 0.1658431908149995, 0.10899230662691338, 0.09347893806686915, -0.419040295597357, -0.43397937286482685, -0.40532077780799064, -0.3911812744680884, -0.4477070700453098, -0.4718133213856717, -0.482370233694258, -0.3140047290535458], [-0.003158296539912018, 0.1879471912750618, -0.09393471201471018, -0.056387255524682565, 0.09876565181013074, 0.15745584178960048, -0.09308119575086564, 0.057187891823476784, -0.19551190827547088, 0.017435858509702425, -0.07329451606729154, 0.1502044898210787, 0.15093043205388773, 1.0, -0.22306170476514384, 0.004663230150924771, -0.03931048285319079, 0.004499206979012013, -0.021739584698084905, -0.031505713705292114, -0.022255320381878562, 0.041552562218929855, 0.03806237763455327, 0.038871148176847566, -0.02095267982981561, -0.07189704807836636, -0.0022663133186377605, -0.05784432178473733, -0.04968317085367085, -0.10854592999906519, -0.10322795815242095, -0.05162392298554464, -0.05456381848010971, -0.06779719852969242, -0.06625851936719848, -0.059981038085556215, -0.06536361979907568], [0.035819524434424946, 0.01601384664526063, 0.5933525457606448, -0.33301633751674237, 0.04667476665035438, 0.09244726071802241, 0.6039467296035401, -0.25243446445734025, 0.5691685941012364, 0.5218078799379143, 0.6033814029423883, 0.5801284816894862, 0.5820647297752326, -0.22306170476514384, 1.0, 0.21173233539243483, 0.2985686932653869, 0.032631133003120344, 0.22182026043530775, -0.04838451571642944, -0.03126710519618451, -0.05206006236826857, -0.04667283764028291, -0.049799322948273356, -0.033534840769136494, -0.291432464608282, 0.1701661419371102, -0.0803912848297293, -0.06896087963377404, -0.25858433246419055, -0.2767352693851313, -0.287111359673364, -0.2778544526478708, -0.31095604377742947, -0.3204843663722073, -0.34490391585181074, -0.27244865347929803], [0.016542816862790306, 0.000461673334720813, 0.11548263591673942, -0.062365721810862244, 0.11784942906926751, -0.02070140920613824, 0.10096206804919379, -0.073805770810231, -0.11007639776212255, 0.03895669322566142, 0.08914277672957328, 0.19884990487384338, 0.19940225872429748, 0.004663230150924771, 0.21173233539243483, 1.0, 0.23382596608272965, 0.08654071713241415, 0.3529551259221627, -0.009772537193587099, -0.002916555698543889, 0.03892165699296417, 0.03323367340135811, 0.03902970191359199, -0.009675769062435287, -0.05496765563750216, 0.576086447238178, -0.030929362491149692, -0.026527046268445986, -0.14581417956027248, -0.14290387222983875, -0.08871683957175729, -0.08958029738315254, -0.0876914640648518, -0.08932678425780329, -0.10591431711214469, -0.029052028084176805], [0.04387209993251412, 0.020545113261042927, 0.5606288281838642, -0.03678496314040696, 0.007926275446876218, -0.012350544289708349, 0.5384728222499716, -0.02778347443661825, 0.010481096668187952, 0.3407983301319032, 0.49962927109792665, 0.07465086654009559, 0.07485825348405037, -0.03931048285319079, 0.2985686932653869, 0.23382596608272965, 1.0, 0.002764636818627911, 0.019213154247043295, -0.005319432040891862, -0.004052853078125704, -0.0037655329823309963, -0.0037753984041704325, -0.003169301476812202, -0.003632798770768064, -0.02978028458638075, 0.16979268335641956, -0.011612529124215638, -0.009959665268383253, -0.05718327440250184, -0.05566446808113361, -0.03392087163582029, -0.03859509518711642, -0.03340432692053375, -0.0338861409125794, -0.0403383683440917, -0.027342910915407678], [0.03318525059508884, 0.0013924359652528857, 0.028187467859597536, 0.04350437214532676, 0.16046493559214786, 0.0062625738545971366, 0.026562214359978957, -0.02899848280529744, -0.05074814160943995, 0.018079177154354475, 0.027072856604295436, 0.07612900619190122, 0.07618146550242094, 0.004499206979012013, 0.032631133003120344, 0.08654071713241415, 0.002764636818627911, 1.0, 0.38741578112288577, 0.059972451305586295, 0.17978835461352483, 0.12662849309030372, 0.11852702827709362, 0.11571192066284422, -0.0038112774561835793, 0.016965686110403676, 0.12622459265532937, 0.006443205248689822, 0.005586726331665678, -0.040882845001204385, -0.04173105272184123, -0.03369856596292824, -0.03548706079427903, -0.02954024076870058, -0.030514903144069388, -0.032929801198429434, 0.020956836427072297], [0.04801862241685812, 0.0014940222962892464, 0.12716528500257857, -0.0737273133089658, 0.046738915818151885, 0.022510901738750345, 0.12436468688863982, -0.066095433579912, -0.10876247316308589, 0.08996864575143076, 0.12728622206512313, 0.1687149614735717, 0.16921232928907318, -0.021739584698084905, 0.22182026043530775, 0.3529551259221627, 0.019213154247043295, 0.38741578112288577, 1.0, 0.03076215653012796, 0.08186552966411383, 0.012493409397720423, 0.01201525009274956, 0.011068538187605148, -0.0086367304224344, -0.0642527843554723, 0.41422489543480545, -0.013900735584867801, -0.013111863856905511, -0.10383993100977894, -0.10203743733189567, -0.07090698462229025, -0.0795950380763411, -0.0725339687440896, -0.07305350301393658, -0.08731479533506264, -0.054430297170683206], [0.07169186261999241, -0.004744293981603505, -0.014194787903255422, -0.04402525625806471, -0.03390598071364269, -0.01452804739462615, -0.018263102908659606, -0.02013960009657887, -0.0399163335281697, -0.02590143774474134, -0.021799217203702415, -0.07023166424448432, -0.07063336388890189, -0.031505713705292114, -0.04838451571642944, -0.009772537193587099, -0.005319432040891862, 0.059972451305586295, 0.03076215653012796, 1.0, 0.5044952493186222, 0.0016408859165926743, 0.0014064160038210452, 0.0016396703762419597, 0.8066290485626707, 0.08465020033099004, -0.005256852435319318, -0.007533810862186208, -0.006451407689837523, -0.04506963132558963, -0.04308783085839294, -0.03715653354363205, -0.04168103605144132, -0.0239631615290139, -0.019968776251678824, -0.030145736864769814, -0.019001517004325702], [0.09715133693208508, -0.0027113308368694514, -0.01089043647508093, -0.025794608792846306, 0.00032865502179058677, -0.009424241015937584, -0.01380360333043962, -0.017111901633789756, -0.03125327304013009, -0.018414762192390487, -0.015566116729005097, -0.04144954645382458, -0.04127896594941505, -0.022255320381878562, -0.03126710519618451, -0.002916555698543889, -0.004052853078125704, 0.17978835461352483, 0.08186552966411383, 0.5044952493186222, 1.0, 0.016013792996832053, 0.014994035859564844, 0.014628079172395598, -0.0022372544552571086, -0.01106332991431204, 0.0030810551180136918, -0.004304653880101912, -0.0036799848732825603, -0.034446379063988807, -0.03414548050212439, -0.029594131714783162, -0.031789784921171425, -0.018804100159388614, -0.01726767856899953, -0.023724550393110284, -0.01063447999420932], [0.011355429270888735, 0.027184249163321718, -0.017078891983522564, 0.21290274276188034, 0.5680163256411619, 0.019758815528232405, -0.019990719821000955, -0.04159253039446341, -0.06795441420903715, -0.013015501751247084, -0.022489820666345237, 0.1118045970259717, 0.11212661949601054, 0.041552562218929855, -0.05206006236826857, 0.03892165699296417, -0.0037655329823309963, 0.12662849309030372, 0.012493409397720423, 0.0016408859165926743, 0.016013792996832053, 1.0, 0.9313053020504272, 0.9188987920160461, -0.005446608783527177, 0.14671591941467588, 0.03918624148499347, 0.001906273616142795, -0.0006738237072587388, -0.0666972951625873, -0.07104386309420643, -0.07424657962635742, -0.07198230637005194, -0.05185968771216564, -0.05438664471411781, -0.04999027139672722, 0.14310405758772363], [0.010582376269884933, 0.023593837802381317, -0.015674516437392573, 0.19269801236606016, 0.5188020478645696, 0.017502312697619087, -0.018219499283422598, -0.03933981333664497, -0.060257572246920625, -0.011453205373845856, -0.020299093931521527, 0.10579843332278305, 0.1061430453229351, 0.03806237763455327, -0.04667283764028291, 0.03323367340135811, -0.0037753984041704325, 0.11852702827709362, 0.01201525009274956, 0.0014064160038210452, 0.014994035859564844, 0.9313053020504272, 1.0, 0.7120852419522766, -0.005156293598803202, 0.13481020692193288, 0.03461095095837662, 0.0010835061802661348, -0.0010469238444753008, -0.06157213565164946, -0.06563455311227401, -0.06885954703653963, -0.06678833436869779, -0.048692785916279374, -0.05138361907002512, -0.046961410601113196, 0.12224844243416014], [0.010426903612456627, 0.02684568393777847, -0.015944118589391307, 0.20167894390243127, 0.5329908467815925, 0.019130214566676452, -0.018800467469176387, -0.0375646493143928, -0.0657235305922299, -0.012683630176156516, -0.021365304357473375, 0.1009238287546238, 0.10117131035874408, 0.038871148176847566, -0.049799322948273356, 0.03902970191359199, -0.003169301476812202, 0.11571192066284422, 0.011068538187605148, 0.0016396703762419597, 0.014628079172395598, 0.9188987920160461, 0.7120852419522766, 1.0, -0.004914080669192468, 0.13679594771066014, 0.03804802953902926, 0.0025009515165805157, -0.00016495305172019583, -0.0618766086289162, -0.0658550299135263, -0.06853559081892024, -0.0664143196681197, -0.047225363326574614, -0.04918188645553538, -0.045497137721261766, 0.14343902060911093], [0.006095499447999608, -0.00309439231028627, -0.00919822019528043, -0.03398803587137675, -0.02920746769475128, -0.009325786814678856, -0.011736924159990612, -0.012663448812680556, -0.02359781443335345, -0.017186429228223832, -0.014304593662525974, -0.04852068841855781, -0.048523684872908715, -0.02095267982981561, -0.033534840769136494, -0.009675769062435287, -0.003632798770768064, -0.0038112774561835793, -0.0086367304224344, 0.8066290485626707, -0.0022372544552571086, -0.005446608783527177, -0.005156293598803202, -0.004914080669192468, 1.0, 0.10393069184762671, -0.008047400521263596, -0.005288667797110724, -0.004535907760486677, -0.028156053456744677, -0.027267142536273183, -0.0237459572957196, -0.025933722002689057, -0.01426123728205336, -0.012637293785433547, -0.018571288872621612, -0.015479212785880667], [0.01042065546960963, -0.0033327246338626967, -0.07955742432172266, 0.9060746751965445, 0.040769531730984646, -0.058029810832914044, -0.1011756410273851, 0.21682779082064974, -0.22127322215688366, -0.13162888187041905, -0.12274555702056675, -0.3275001558169929, -0.3467042195343302, -0.07189704807836636, -0.291432464608282, -0.05496765563750216, -0.02978028458638075, 0.016965686110403676, -0.0642527843554723, 0.08465020033099004, -0.01106332991431204, 0.14671591941467588, 0.13481020692193288, 0.13679594771066014, 0.10393069184762671, 1.0, -0.044352312642993316, -0.04000369341921415, -0.03560853319284021, 0.3892642417055662, 0.3918674049598727, 0.3348840737170023, 0.33651285568825906, 0.38600300230956347, 0.4043640726880778, 0.4436385840529154, 0.8736948242148961], [0.014119070495954207, -0.002881210398351072, 0.08041483214439962, -0.056658029105237574, 0.10259391474733108, -0.01939931391692482, 0.06905156335168837, -0.061407071779896676, -0.09348708376545857, 0.0206176891494946, 0.06012774467097739, 0.1653837940222423, 0.1658431908149995, -0.0022663133186377605, 0.1701661419371102, 0.576086447238178, 0.16979268335641956, 0.12622459265532937, 0.41422489543480545, -0.005256852435319318, 0.0030810551180136918, 0.03918624148499347, 0.03461095095837662, 0.03804802953902926, -0.008047400521263596, -0.044352312642993316, 1.0, -0.025724153421445427, -0.022062718176364925, -0.0978020850942933, -0.09669974537609546, -0.04506340322338315, -0.04477177069167709, -0.05483377222217811, -0.05269287014723082, -0.07566169986255569, -0.02657068434897453], [0.007082768298418901, -0.003360662732485574, -0.026483845029002986, -0.04976861070741893, 0.028128549523772434, 0.03225623892211535, -0.003978770162305435, -0.04026843461310079, -0.06693200194507434, 0.0290290062007617, 0.010059234586529603, 0.10869039676501074, 0.10899230662691338, -0.05784432178473733, -0.0803912848297293, -0.030929362491149692, -0.011612529124215638, 0.006443205248689822, -0.013900735584867801, -0.007533810862186208, -0.004304653880101912, 0.001906273616142795, 0.0010835061802661348, 0.0025009515165805157, -0.005288667797110724, -0.04000369341921415, -0.025724153421445427, 1.0, 0.8496322369550772, -0.09026752733699905, -0.08787759212544732, -0.01902628914325001, -0.020792173832694674, -0.0479376124087843, -0.04471290502475914, -0.032676036644499244, -0.03182837017690914], [0.006410316045695342, -0.002880281175332702, -0.022707392907742267, -0.043434279066836765, 0.01964376996372724, 0.02771184127642053, -0.003368412120182485, -0.03453776821460965, -0.05743707880503281, 0.025097041454164522, 0.00877508285693937, 0.09322000040290396, 0.09347893806686915, -0.04968317085367085, -0.06896087963377404, -0.026527046268445986, -0.009959665268383253, 0.005586726331665678, -0.013111863856905511, -0.006451407689837523, -0.0036799848732825603, -0.0006738237072587388, -0.0010469238444753008, -0.00016495305172019583, -0.004535907760486677, -0.03560853319284021, -0.022062718176364925, 0.8496322369550772, 1.0, -0.07048936754185582, -0.06851258278621941, 0.00506721466765252, 0.004467240220098046, -0.03243450692808473, -0.02681063755112648, -0.01769952615352247, -0.02965958698034952], [-0.019280514644950945, -0.03512107514512354, -0.051521905793222446, 0.4555564484186395, -0.3014761635455524, -0.08151926564518669, -0.07303122951121316, 0.4731047847912114, -0.14815568195934795, -0.12107204862847382, -0.09545572274212043, -0.4183097729186774, -0.419040295597357, -0.10854592999906519, -0.25858433246419055, -0.14581417956027248, -0.05718327440250184, -0.040882845001204385, -0.10383993100977894, -0.04506963132558963, -0.034446379063988807, -0.0666972951625873, -0.06157213565164946, -0.0618766086289162, -0.028156053456744677, 0.3892642417055662, -0.0978020850942933, -0.09026752733699905, -0.07048936754185582, 1.0, 0.9567312281500592, 0.8366557815433099, 0.8406144171558931, 0.8697481995300257, 0.8405524119730093, 0.9421756410442572, 0.3829895944526123], [-0.01843314306001245, -0.035159450698940206, -0.05201667942457736, 0.4581126056102708, -0.30899693350272944, -0.08302769085867442, -0.07439367880927836, 0.4786932274918469, -0.17276435664627182, -0.12533054865214155, -0.09719371137480916, -0.4334496546400999, -0.43397937286482685, -0.10322795815242095, -0.2767352693851313, -0.14290387222983875, -0.05566446808113361, -0.04173105272184123, -0.10203743733189567, -0.04308783085839294, -0.03414548050212439, -0.07104386309420643, -0.06563455311227401, -0.0658550299135263, -0.027267142536273183, 0.3918674049598727, -0.09669974537609546, -0.08787759212544732, -0.06851258278621941, 0.9567312281500592, 1.0, 0.8598876413790727, 0.8246727417093496, 0.8759451402055811, 0.848828346393225, 0.9510264424997047, 0.38649181969927743], [-0.013800664670224312, -0.027998733139296565, -0.06030147959000579, 0.394238231533577, -0.2873659395987806, -0.07929714537693708, -0.08191575325388996, 0.42839215194181385, -0.21636012800193805, -0.13090836583827245, -0.1036632870106271, -0.40540754564070497, -0.40532077780799064, -0.05162392298554464, -0.287111359673364, -0.08871683957175729, -0.03392087163582029, -0.03369856596292824, -0.07090698462229025, -0.03715653354363205, -0.029594131714783162, -0.07424657962635742, -0.06885954703653963, -0.06853559081892024, -0.0237459572957196, 0.3348840737170023, -0.04506340322338315, -0.01902628914325001, 0.00506721466765252, 0.8366557815433099, 0.8598876413790727, 1.0, 0.9385165230613473, 0.9601552558311022, 0.8801999225813902, 0.876487530129229, 0.3394464201056275], [-0.01587460581897258, -0.027655055249438502, -0.06527558587353219, 0.39549643073259433, -0.2787991133904774, -0.07908623578818717, -0.08634726263430893, 0.4187977840648378, -0.1940940529867151, -0.13206573934901264, -0.10771264057084576, -0.39142583361094824, -0.3911812744680884, -0.05456381848010971, -0.2778544526478708, -0.08958029738315254, -0.03859509518711642, -0.03548706079427903, -0.0795950380763411, -0.04168103605144132, -0.031789784921171425, -0.07198230637005194, -0.06678833436869779, -0.0664143196681197, -0.025933722002689057, 0.33651285568825906, -0.04477177069167709, -0.020792173832694674, 0.004467240220098046, 0.8406144171558931, 0.8246727417093496, 0.9385165230613473, 1.0, 0.9453336377337316, 0.8602689290121267, 0.8567978501003428, 0.3432283129556072], [-0.013105728350563041, -0.02793249551856793, -0.0662166759524493, 0.4566823772796712, -0.2748826902283118, -0.08549432991377891, -0.09053350183878707, 0.473293997863194, -0.23429530094229067, -0.14308785634493007, -0.11470572208504197, -0.4490082235434533, -0.4477070700453098, -0.06779719852969242, -0.31095604377742947, -0.0876914640648518, -0.03340432692053375, -0.02954024076870058, -0.0725339687440896, -0.0239631615290139, -0.018804100159388614, -0.05185968771216564, -0.048692785916279374, -0.047225363326574614, -0.01426123728205336, 0.38600300230956347, -0.05483377222217811, -0.0479376124087843, -0.03243450692808473, 0.8697481995300257, 0.8759451402055811, 0.9601552558311022, 0.9453336377337316, 1.0, 0.9214880967474457, 0.9108925294471405, 0.3967372675484961], [-0.011310006577614792, -0.028037076169090545, -0.07203298223447177, 0.47810355067400906, -0.28778516150085637, -0.08746790692026553, -0.09645030580444154, 0.4890812969660303, -0.23592383565888278, -0.14767782805567684, -0.12135406689266115, -0.4730787513081065, -0.4718133213856717, -0.06625851936719848, -0.3204843663722073, -0.08932678425780329, -0.0338861409125794, -0.030514903144069388, -0.07305350301393658, -0.019968776251678824, -0.01726767856899953, -0.05438664471411781, -0.05138361907002512, -0.04918188645553538, -0.012637293785433547, 0.4043640726880778, -0.05269287014723082, -0.04471290502475914, -0.02681063755112648, 0.8405524119730093, 0.848828346393225, 0.8801999225813902, 0.8602689290121267, 0.9214880967474457, 1.0, 0.8903024737020199, 0.4190450755986543], [-0.01608970063312652, -0.031108874462073298, -0.07989076363796528, 0.5136676195490494, -0.2901981495327772, -0.09425996406201347, -0.10616850311069441, 0.5130604037926614, -0.2547045990462939, -0.16206713998228514, -0.13248756320104815, -0.4813159263537557, -0.482370233694258, -0.059981038085556215, -0.34490391585181074, -0.10591431711214469, -0.0403383683440917, -0.032929801198429434, -0.08731479533506264, -0.030145736864769814, -0.023724550393110284, -0.04999027139672722, -0.046961410601113196, -0.045497137721261766, -0.018571288872621612, 0.4436385840529154, -0.07566169986255569, -0.032676036644499244, -0.01769952615352247, 0.9421756410442572, 0.9510264424997047, 0.876487530129229, 0.8567978501003428, 0.9108925294471405, 0.8903024737020199, 1.0, 0.43990362028408136], [0.0019570531902196628, 0.01017722793480493, -0.07555441622993002, 0.9044106464509674, 0.13492106146722813, -0.04328304858266053, -0.09586938316123901, 0.19231503846760756, -0.2197433719894557, -0.12090114509454243, -0.11596549181304917, -0.31519376900118223, -0.3140047290535458, -0.06536361979907568, -0.27244865347929803, -0.029052028084176805, -0.027342910915407678, 0.020956836427072297, -0.054430297170683206, -0.019001517004325702, -0.01063447999420932, 0.14310405758772363, 0.12224844243416014, 0.14343902060911093, -0.015479212785880667, 0.8736948242148961, -0.02657068434897453, -0.03182837017690914, -0.02965958698034952, 0.3829895944526123, 0.38649181969927743, 0.3394464201056275, 0.3432283129556072, 0.3967372675484961, 0.4190450755986543, 0.43990362028408136, 1.0]]\n"
     ]
    }
   ],
   "source": [
    "print(sample_corrmatrix)"
   ]
  },
  {
   "cell_type": "code",
   "execution_count": 46,
   "id": "81ed3efc-bf8f-456f-a59d-f758724eedc8",
   "metadata": {},
   "outputs": [
    {
     "data": {
